12521 215.65
6704 117.34
6568 114.78
12463 215.65
6704 117.34
6575 114.78
12469 215.65
6711 117.34
6568 114.78
12497 215.65
6704 117.34
6574 114.78
12494 215.65
6711 117.34
6574 114.78
12494 215.65
6704 117.34
6569 114.78
12514 215.65
6711 117.34
6574 114.78
12469 215.65
6705 117.34
6569 114.78
12488 215.65
6704 117.34
6575 114.78
12494 215.65
6710 117.34
6568 114.78
12443 215.65
6705 117.34
6575 114.78
12469 215.65
6711 117.34
6569 114.78
12421 215.65
6704 117.34
6568 114.78
12514 215.65
6710 117.34
6574 114.78
12521 215.65
6704 117.34
6568 114.78
12514 215.65
6711 117.34
6575 114.78
12548 215.65
6705 117.34
6568 114.78
12515 215.65
6704 117.34
6575 114.78
12548 215.65
6704 117.34
6568 114.78
12514 215.65
6704 117.34
6574 114.78
12520 215.65
6705 117.34
6568 114.78
12514 215.65
6704 117.34
6574 114.78
12520 215.65
6711 117.34
6565 114.78
12163 215.65
6697 117.34
6568 114.78
12514 215.65
6704 117.34
6574 114.78
12521 215.65
6704 117.34
6568 114.78
12900 215.65
6711 117.34
6568 114.78
12141 215.65
6697 117.34
6569 114.78
12515 215.65
6704 117.34
6574 114.78
12470 215.65
6710 117.34
6568 114.78
12469 215.65
6704 117.34
6574 114.78
12520 215.65
6711 117.34
6568 114.78
12469 215.65
6704 117.34
6568 114.78
12488 215.65
6711 117.34
6574 114.78
12521 215.65
6704 117.34
6568 114.78
12466 215.65
6704 117.34
6574 114.78
12472 215.65
6710 117.34
6566 114.78
12214 215.65
6697 117.34
6568 114.78
12463 215.65
6704 117.34
6575 114.78
12469 215.65
6704 117.34
6568 114.78
12463 215.65
6705 117.34
6575 114.78
12494 215.65
6711 117.34
6568 114.78
12212 215.65
6696 117.34
6568 114.78
12466 215.65
6704 117.34
6574 114.78
12421 215.65
6710 117.34
6568 114.78
12469 215.65
6704 117.34
6575 114.78
12466 215.65
6710 117.34
6575 114.78
12472 215.65
6704 117.34
6568 114.78
12515 215.65
6705 117.34
6574 114.78
12447 215.65
6710 117.34
6568 114.78
12186 215.65
6697 117.34
6568 114.78
12463 215.65
6704 117.34
6574 114.78
12520 215.65
6704 117.34
6569 114.78
12420 215.65
6704 117.34
6574 114.78
12469 215.65
6711 117.34
6569 114.78
12186 215.65
6703 117.34
6568 114.78
12491 215.65
6704 117.34
6574 114.78
12523 215.65
6711 117.34
6568 114.78
12469 215.65
6705 117.34
6574 114.78
12521 215.65
6711 117.34
6568 114.78
12211 215.65
6703 117.34
6568 114.78
12440 215.65
6704 117.34
6574 114.78
12469 215.65
6711 117.34
6568 114.78
12447 215.65
6704 117.34
6568 114.78
12514 215.65
6710 117.34
6574 114.78
12469 215.65
6704 117.34
6568 114.78
12463 215.65
6704 117.34
6574 114.78
12520 215.65
6706 117.34
6568 114.78
12463 215.65
6704 117.34
6575 114.78
12497 215.65
6710 117.34
6568 114.78
12496 215.65
6704 117.34
6575 114.78
12497 215.65
6711 117.34
6568 114.78
12211 215.65
6703 117.34
6568 114.78
12469 215.65
6704 117.34
6575 114.78
12520 215.65
6711 117.34
6569 114.78
12469 215.65
6705 117.34
6575 114.78
12490 215.65
6711 117.34
6575 114.78
12472 215.65
6705 117.34
6568 114.78
12514 215.65
6710 117.34
6575 114.78
12520 215.65
6704 117.34
6568 114.78
12514 215.65
6704 117.34
6574 114.78
12497 215.65
6704 117.34
6568 114.78
12490 215.65
6704 117.34
6574 114.78
12447 215.65
6711 117.34
6568 114.78
12469 215.65
6704 117.34
6575 114.78
12514 215.65
6710 117.34
6575 114.78
12520 215.65
6704 117.34
6572 114.78
12440 215.65
6710 117.34
6574 114.78
12520 215.65
6704 117.34
6569 114.78
12514 215.65
6704 117.34
6574 114.78
12521 215.65
6704 117.34
6568 114.78
12514 215.65
6704 117.34
6575 114.78
12876 215.65
6704 117.34
6574 114.78
12521 215.65
6711 117.34
6568 114.78
12186 215.65
6703 117.34
6568 114.78
12466 215.65
6705 117.34
6574 114.78
12472 215.65
6711 117.34
6568 114.78
12521 215.65
6704 117.34
6574 114.78
12496 215.65
6710 117.34
6571 114.78
12520 215.65
6704 117.34
6568 114.78
12899 215.65
6705 117.34
6569 114.78
12463 215.65
6705 117.34
6575 114.78
12521 215.65
6710 117.34
6566 114.78
12515 215.65
6704 117.34
6575 114.78
12521 215.65
6710 117.34
6569 114.78
12469 215.65
6704 117.34
6575 114.78
12520 215.65
6710 117.34
6568 114.78
12421 215.65
6704 117.34
6568 114.78
12514 215.65
6711 117.34
6575 114.78
12521 215.65
6705 117.34
6569 114.78
12514 215.65
6711 117.34
6575 114.78
12520 215.65
6704 117.34
6568 114.78
12514 215.65
6705 117.34
6575 114.78
12449 215.65
6710 117.34
6566 114.78
12214 215.65
6697 117.34
6566 114.78
12443 215.65
6704 117.34
6574 114.78
12520 215.65
6705 117.34
6569 114.78
12466 215.65
6704 117.34
6575 114.78
12520 215.65
6711 117.34
6569 114.78
12469 215.65
6704 117.34
6575 114.78
12447 215.65
6710 117.34
6575 114.78
12520 215.65
6704 117.34
6569 114.78
12514 215.65
6711 117.34
6575 114.78
12520 215.65
6704 117.34
6568 114.78
12443 215.65
6705 117.34
6574 114.78
12500 215.65
6704 117.34
6568 114.78
12514 215.65
6704 117.34
6574 114.78
12906 215.65
6704 117.34
6575 114.78
12469 215.65
6711 117.34
6575 114.78
12521 215.65
6705 117.34
6574 114.78
12515 215.65
6711 117.34
6574 114.78
12548 215.65
6704 117.34
6566 114.78
12514 215.65
6710 117.34
6574 114.78
12524 215.65
6704 117.34
6565 114.78
12463 215.65
6704 117.34
6575 114.78
12521 215.65
6704 117.34
6568 114.78
12466 215.65
6704 117.34
6574 114.78
12520 215.65
6710 117.34
6568 114.78
12469 215.65
6704 117.34
6574 114.78
12521 215.65
6711 117.34
6568 114.78
12470 215.65
6704 117.34
6572 114.78
12463 215.65
6710 117.34
6572 114.78
12444 215.65
6705 117.34
6566 114.78
12415 215.65
6704 117.34
6575 114.78
12520 215.65
6711 117.34
6568 114.78
12469 215.65
6704 117.34
6574 114.78
12470 215.65
6711 117.34
6569 114.78
12469 215.65
6704 117.34
6566 114.78
12463 215.65
6711 117.34
6574 114.78
12470 215.65
6704 117.34
6568 114.78
12463 215.65
6704 117.34
6575 114.78
12469 215.65
6710 117.34
6569 114.78
12469 215.65
6704 117.34
6572 114.78
12413 215.65
6711 117.34
6572 114.78
12469 215.65
6704 117.34
6568 114.78
12463 215.65
6704 117.34
6574 114.78
12497 215.65
6710 117.34
6566 114.78
12463 215.65
6704 117.34
6572 114.78
12469 215.65
6710 117.34
6569 114.78
12470 215.65
6704 117.34
6574 114.78
12466 215.65
6710 117.34
6574 114.78
12497 215.65
6704 117.34
6568 114.78
12514 215.65
6704 117.34
6574 114.78
12520 215.65
6705 117.34
6568 114.78
12415 215.65
6704 117.34
6574 114.78
12520 215.65
6710 117.34
6568 114.78
12497 215.65
6704 117.34
6575 114.78
12520 215.65
6711 117.34
6568 114.78
12470 215.65
6704 117.34
6574 114.78
12491 215.65
6711 117.34
6574 114.78
12520 215.65
6704 117.34
6568 114.78
12463 215.65
6711 117.34
6574 114.78
12421 215.65
6710 117.34
6568 114.78
12463 215.65
6704 117.34
6574 114.78
12470 215.65
6710 117.34
6568 114.78
12469 215.65
6704 117.34
6574 114.78
12463 215.65
6711 117.34
6575 114.78
12469 215.65
6704 117.34
6568 114.78
12463 215.65
6704 117.34
6574 114.78
12472 215.65
6710 117.34
6569 114.78
12450 215.65
6705 117.34
6574 114.78
12521 215.65
6711 117.34
6568 114.78
12469 215.65
6704 117.34
6574 114.78
12514 215.65
6710 117.34
6574 114.78
12521 215.65
6704 117.34
6568 114.78
12514 215.65
6710 117.34
6574 114.78
12521 215.65
6704 117.34
6568 114.78
12469 215.65
6704 117.34
6574 114.78
12470 215.65
6707 117.34
6568 114.78
12463 215.65
6704 117.34
6574 114.78
12449 215.65
6711 117.34
6568 114.78
12469 215.65
6704 117.34
6575 114.78
12491 215.65
6711 117.34
6574 114.78
12497 215.65
6704 117.34
6568 114.78
12514 215.65
6710 117.34
6574 114.78
12472 215.65
6704 117.34
6568 114.78
12515 215.65
6704 117.34
6575 114.78
12450 215.65
6711 117.34
6568 114.78
12469 215.65
6704 117.34
6575 114.78
12469 215.65
6711 117.34
6568 114.78
12469 215.65
6705 117.34
6568 114.78
12418 215.65
6704 117.34
6574 114.78
12520 215.65
6705 117.34
6568 114.78
12463 215.65
6704 117.34
6575 114.78
12497 215.65
6711 117.34
6568 114.78
12497 215.65
6704 117.34
6574 114.78
12520 215.65
6711 117.34
6566 114.78
12472 215.65
6704 117.34
6575 114.78
12490 215.65
6711 117.34
6575 114.78
12521 215.65
6704 117.34
6568 114.78
12514 215.65
6710 117.34
6574 114.78
12472 215.65
6704 117.34
6568 114.78
12463 215.65
6704 117.34
6574 114.78
12497 215.65
6711 117.34
6565 114.78
12463 215.65
6704 117.34
6571 114.78
12447 215.65
6711 117.34
6568 114.78
12472 215.65
6704 117.34
6568 114.78
12514 215.65
6710 117.34
6574 114.78
12521 215.65
6704 117.34
6569 114.78
12542 215.65
6711 117.34
6571 114.78
12472 215.65
6704 117.34
6568 114.78
12466 215.65
6704 117.34
6574 114.78
12470 215.65
6710 117.34
6568 114.78
12469 215.65
6704 117.34
6575 114.78
12521 215.65
6711 117.34
6568 114.78
12469 215.65
6704 117.34
6574 114.78
12441 215.65
6710 117.34
6575 114.78
12521 215.65
6704 117.34
6566 114.78
12488 215.65
6704 117.34
6574 114.78
12521 215.65
6704 117.34
6568 114.78
12514 215.65
6705 117.34
6574 114.78
12520 215.65
6705 117.34
6568 114.78
12463 215.65
6704 117.34
6574 114.78
12469 215.65
6711 117.34
6568 114.78
12469 215.65
6705 117.34
6574 114.78
12515 215.65
6710 117.34
6572 114.78
12469 215.65
6704 117.34
6568 114.78
12441 215.65
6704 117.34
6574 114.78
12521 215.65
6704 117.34
6566 114.78
12466 215.65
6704 117.34
6574 114.78
12470 215.65
6711 117.34
6568 114.78
12494 215.65
6705 117.34
6575 114.78
12497 215.65
6710 117.34
6568 114.78
12497 215.65
6704 117.34
6575 114.78
12514 215.65
6710 117.34
6572 114.78
12421 215.65
6704 117.34
6566 114.78
12414 215.65
6704 117.34
6574 114.78
12876 215.65
6704 117.34
6572 114.78
12463 215.65
6710 117.34
6574 114.78
12870 215.65
6704 117.34
6572 114.78
12520 215.65
6710 117.34
6566 114.78
12539 215.65
6705 117.34
6571 114.78
12520 215.65
6711 117.34
6566 114.78
12424 215.65
6704 117.34
6574 114.78
12523 215.65
6710 117.34
6566 114.78
12521 215.65
6704 117.34
6572 114.78
12418 215.65
6710 117.34
6572 114.78
12470 215.65
6704 117.34
6568 114.78
12466 215.65
6705 117.34
6572 114.78
12497 215.65
6711 117.34
6566 114.78
12514 215.65
6705 117.34
6572 114.78
12520 215.65
6711 117.34
6566 114.78
12497 215.65
6704 117.34
6575 114.78
12521 215.65
6711 117.34
6565 114.78
12520 215.65
6704 117.34
6572 114.78
12870 215.65
6704 117.34
6565 114.78
12514 215.65
6704 117.34
6572 114.78
12871 215.65
6705 117.34
6572 114.78
12469 215.65
6710 117.34
6566 114.78
12521 215.65
6704 117.34
6572 114.78
12440 215.65
6710 117.34
6572 114.78
12521 215.65
6704 117.34
6565 114.78
12514 215.65
6707 117.34
6571 114.78
12469 215.65
6705 117.34
6565 114.78
12418 215.65
6704 117.34
6572 114.78
12521 215.65
6710 117.34
6565 114.78
12497 215.65
6704 117.34
6572 114.78
12447 215.65
6711 117.34
6572 114.78
12469 215.65
6704 117.34
6566 114.78
12491 215.65
6704 117.34
6571 114.78
12494 215.65
6704 117.34
6566 114.78
12214 215.65
6697 117.34
6565 114.78
12417 215.65
6704 117.34
6572 114.78
12424 215.65
6710 117.34
6566 114.78
12514 215.65
6704 117.34
6572 114.78
12521 215.65
6711 117.34
6565 114.78
12496 215.65
6704 117.34
6572 114.78
12446 215.65
6710 117.34
6572 114.78
12469 215.65
6704 117.34
6565 114.78
12488 215.65
6704 117.34
6572 114.78
12521 215.65
6704 117.34
6566 114.78
12515 215.65
6704 117.34
6572 114.78
12849 215.65
6704 117.34
6572 114.78
12521 215.65
6710 117.34
6566 114.78
12520 215.65
6704 117.34
6572 114.78
12463 215.65
6710 117.34
6571 114.78
12469 215.65
6704 117.34
6566 114.78
12490 215.65
6704 117.34
6571 114.78
12447 215.65
6710 117.34
6565 114.78
12472 215.65
6704 117.34
6572 114.78
12469 215.65
6710 117.34
6566 114.78
12469 215.65
6704 117.34
6565 114.78
12463 215.65
6711 117.34
6572 114.78
12469 215.65
6704 117.34
6565 114.78
12463 215.65
6704 117.34
6572 114.78
12469 215.65
6710 117.34
6565 114.78
12494 215.65
6704 117.34
6571 114.78
12444 215.65
6711 117.34
6572 114.78
12444 215.65
6704 117.34
6566 114.78
12463 215.65
6704 117.34
6572 114.78
12469 215.65
6710 117.34
6565 114.78
12444 215.65
6704 117.34
6571 114.78
12469 215.65
6710 117.34
6565 114.78
12469 215.65
6704 117.34
6568 114.78
12463 215.65
6711 117.34
6572 114.78
12444 215.65
6705 117.34
6565 114.78
12466 215.65
6704 117.34
6571 114.78
12396 215.65
6711 117.34
6566 114.78
12469 215.65
6704 117.34
6572 114.78
12463 215.65
6710 117.34
6571 114.78
12469 215.65
6704 117.34
6566 114.78
12438 215.65
6705 117.34
6572 114.78
12444 215.65
6710 117.34
6565 114.78
12469 215.65
6704 117.34
6571 114.78
12463 215.65
6710 117.34
6572 114.78
12469 215.65
6704 117.34
6566 114.78
12488 215.65
6704 117.34
6575 114.78
12469 215.65
6711 117.34
6565 114.78
12463 215.65
6704 117.34
6572 114.78
12469 215.65
6711 117.34
6566 114.78
12469 215.65
6704 117.34
6571 114.78
12438 215.65
6710 117.34
6571 114.78
12396 215.65
6709 117.34
6565 114.78
12463 215.65
6704 117.34
6572 114.78
12469 215.65
6710 117.34
6565 114.78
12396 215.65
6704 117.34
6565 114.78
12463 215.65
6710 117.34
6572 114.78
12469 215.65
6704 117.34
6568 114.78
12463 215.65
6704 117.34
6572 114.78
12444 215.65
6710 117.34
6569 114.78
12469 215.65
6704 117.34
6571 114.78
12438 215.65
6710 117.34
6572 114.78
